417302977
343381238
927440855
568386037
168216058
322214128
540698233
183856565
931714200
47243142
638520217
882614289
312267251
378917912
820992067
853984832
271226346
217978371
930250355
618622760
709340117
393013647
450639603
788861022
671668433
396990776
774529900
963436407
991824270
688518679
782784081
129280161
774745811
552385765
286886074
568577147
179902507
149343620
843438363
298104643
341605424
609178201
95471835
19637856
752738059
580354
128418074
472950232
269638367
419939283
827323438
755391860
252546269
222339048
552611089
689978351
630673977
616910848
926524925
872106616
326950521
712412056
360833695
253298792
623084163
616772635
246179329
129158003
196082711
722246292
571074052
75260128
451569348
817854125
461533272
156591930
651356112
879816114
360287837
333495773
511920138
637280550
26749191
447051931
703604995
195777554
264230255
662677058
394988020
581480750
247968761
682738903
631065926
340523405
171583846
542082558
990847653
223170353
804753384
527410730
424747637
52517907
802560587
801985189
364387768
304259702
93028289
271302228
89191657
516837523
861574801
904727805
749801578
111124649
684740956
905164940
829700411
483992875
524214326
787790243
973056679
750949385
917756204
34615093
340671147
808535555
483402092
375178514
375147774
698071132
216917232
960837190
836317629
917372278
18391640
260978095
515112577
46760268
190486990
218192268
265266298
549971604
523784950
901854639
948768297
817843364
762413293
260626052
786160785
322619722
56906323
863435311
296030248
166439326
13950446
4974628
974379771
754364032
166431135
472043654
482888933
380327447
307682224
520563851
30474639
676321751
791526986
205862794
72928833
492542653
381032037
65975094
645092280
832355135
249606200
490591837
988058816
908759596
691480932
165235151
781062832
786267209
49567815
206682113
558227487
755307939
665085629
372982593
565184436
733271258
763667360
568702942
125112399
283099915
267741994
321876293
485781282
201313325
475642331
860570328
915591029
977876467
305475945
46531844
216105137
134154939
311567916
529378858
192492973
590087161
249903846
617401974
949445588
661968499
692216186
782499372
71425829
299883458
245279360
615706857
276294206
713220076
727429766
404743021
503266721
571627462
658212287
67907293
862038997
720885479
780261891
276517831
26305696
418074066
304201735
922723053
417299997
986673691
231280811
619201485
993705197
242465644
559636154
512054526
457233969
193813647
877895542
837631412
547588618
962725784
968186470
507411705
360255588
682055491
487306271
249694550
727359806
549449447
189567105
720338217
511527051
739068840
118260200
931237414
235679063
183437828
198377320
76883368
146990310
697775455
672247909
894232394
775536305
194012025
685452702
413734384
829766445
371444175
714569753
183049965
851743631
483396178
795542121
114869449
407357096
197663065
373336419
300539824
368418351
903760753
104787507
956856918
139531589
528223408
246422638
709666180
994825755
344489037
79596145
335968739
155330934
896181660
903019046
333926240
559153580
591740399
19286240
987643331
509244651
312918323
424285595
138717879
655958362
703951750
735373583
857969878
309953668
410392253
707688927
341395742
478697758
766948849
379599150
616530982
600607902
355739120
770752184
297258244
245724180
296232675
284732537
122659410
593236885
915492917
617431101
52930094
907001387
99215372
285624766
203426814
5795561
488390616
704987804
895026713
481421530
276291564
713382524
802310189
887234973
57575583
535301059
178088445
824389092
153606321
380424787
437996070
470600501
682172346
500147984
297613252
868427969
926412547
854144290
237145543
401255821
106707636
705465825
327520487
535900969
323222515
931090183
394988022
573921406
814467498
177732820
906607978
414020834
243716680
157496661
676640948
404930598
321786865
5972569
717764329
457833380
928841502
718317393
973038793
60442831
593165490
467965598
39389566
883535757
53203596
576181530
22707686
111538258
341755259
203457852
177188315
764643476
488142556
536674524
315875941
344462005
311798705
43565625
649363546
77070211
431834685
118492223
839343567
112209224
172112928
655803034
161334373
47341867
221588919
766933464
976624674
248449305
243300488
661510883
791985140
125632993
518407303
757478332
467254243
785524168
901713672
89623205
64164062
719613260
766770346
493278786
859140081
260503071
575304332
577569103
676851972
98770726
852115463
931555973
612169240
668062600
75083786
514265147
186711182
478056604
899843930
424047239
67411389
414133636
538792298
366399155
282156982
640945940
368084110
323101122
351617518
554691129
949180178
925538667
878362112
355277836
229192888
929414592
898876141
784288411
109794942
656317877
567036661
662138202
830399439
510361188
6989200
328977112
854825083
258159009
207658720
937530643
959502139
161022647
638604319
734436068
239740089
495671614
170254830
686150639
4659444
217695712
340611035
132122378
972583834
525054768
385786548
319628880
738861026
151149440
356950791
192527652
243265958
496471885
980337609
534772423
488933081
418451269
956902965
310739910
57265716
510144617
274691075
380008703
896294701
864286291
819146857
914088824
197183235
350222972
195328820
715306459
793929820
656614822
861763081
884261319
334783343
406625748
402589461
241108207
360985503
759540289
78961374
270805455
687594953
495153534
922618679
198537684
837719289
288839972
134451885
852652894
804344654
81568539
927986113
679800574
427652406
777981840
386677993
636818961
688650098
929569508
571403265
607094715
747094274
837853100
122916706
69322278
275824463
713535238
687617390
200362618
737490383
774188877
330110340
888196337
636328420
348936606
317720519
984428859
929245000
78903170
579884182
905096770
433531227
236911052
556250380
85661100
982256713
23997071
645879783
684353729
115315340
687928634
960209969
608679763
190937300
120490460
94270192
146525422
900788903
460115703
38129780
57481468
446807836
792341750
924105542
953919932
978631954
266278158
960904199
66997608
315094800
532734936
410711822
373464023
521620459
671165407
741001543
844084060
511341259
440425197
763001863
557806676
262739678
492283691
117878184
262331093
355702580
536084974
831879434
522609027
393686603
771703993
907155498
825961079
57746940
804794179
734335360
919005176
917099476
346325254
748092094
58136367
489393394
882243907
808341645
360408398
823957440
656084209
154248902
889383583
661130113
703946656
467357105
640734410
978741510
584913263
27244002
372581302
117582686
878808275
282251373
519024642
337096414
900830755
412817554
663382511
336649036
86130979
543045427
333302501
669363320
698222261
830441806
190043696
158109064
33647028
841498785
696030926
992270316
29325851
48272737
645674123
84822159
95112984
576806085
620401965
568062432
740775308
380424355
805973186
821200752
731610208
284213964
970443823
196865277
390270005
107604551
271150898
329746033
989863005
258436915
525414994
951113501
979335749
833086499
403468771
743434741
639395232
637221595
845236882
331001252
945630410
689637568
565638990
877680439
962727550
252164056
825532819
841361795
438201450
995006694
723997892
926153596
929659600
18008748
176236127
303867325
92229531
224698692
587212866
622416317
705021805
864124635
623925252
121942603
130056693
296967893
57652737
754937631
175709403
967242052
811350799
580713241
129663458
133009939
619164051
39957681
397982480
930075728
806319838
197818187
204096177
311212025
906548736
368578127
688354434
381174882
642767026
556256815
935712908
287683872
750431914
117409142
590949817
59114179
823889186
415226123
332787626
323828423
644994148
594270442
438579194
996650080
474094284
204821529
759812845
35550229
27241484
287702071
124226275
769155815
142201441
878502300
500814582
197480718
974449768
950847579
302500788
480538621
822432864
702149852
554320054
298533772
546983145
111781645
291479788
105942513
804970666
827366344
83133926
694947286
333257641
163834202
844354632
219271964
502587581
768524932
574232579
510038386
456707118
656441757
447801910
685956953
820454532
612630804
931651557
477510253
309191611
868045529
536586811
87985646
48216638
88123731
235798591
908049484
628127874
359058734
852460075
503544378
898396645
663879004
528102285
228062662
471889192
939977563
878893172
301309029
924178291
455927766
80697887
163036110
722323319
177849274
128355873
622608358
250078420
196514814
4548559
575482733
950487457
622515699
343962479
390250465
629596390
272130025
521671768
84481237
12398086
735868139
526607667
817569248
915099411
107354039
154058604
792518992
740340239
424199760
113231924
870170741
701659706
709943686
288294573
887821679
550634627
572241072
83217111
268219553
681155606
310468466
46315560
776294731
46193905
841235255
47343129
749823805
332358458
657611510
903503520
847654276
346166586
578985532
680534454
171422831
793879343
981029467
191099669
896445568
623234026
309280598
66872550
448544302
287032287
123091475
448348835
514236979
652990237
947957484
635502758
711444563
390126962
412773710
983693759
830267313
975978826
415478452
575545942
314092585
117597268
406368602
166468458
185216339
19416945
365585678
875276595
905300850
440146740
462816771
604242740
355525281
526601133
37380976
544730653
505707957
59424448
660033848
37393642
351115540
319537076
406479870
241873488
887052454
825031888
553354654
706173747
425903318
407867016
534967089
957537205
298718169
690787407
974083913
21896289
100438150
167909440
627637159
271785277
197881194
459109162
493872264
881563984
805916266
412446962
104582332
151662041
744349922
784966491
469331988
254388044
838576428
119083901
277734844
306693495
291542468
154575495
294041783
395911396
127022511
580764010
278217822
581026892
198176576
235487396
657998767
527088672
403929166
580142978
279817607
260704417
934497190
937095762
235199208
559431218
3620841
344650380
874023057
404413520
855612126
955438856
728654691
896033888
730760053
296088464
215947588
184928564
211813773
957927317
869142443
634984042
382471435
764471579
778284865
516886092
232850782
834709191
488053078
139400467
727352323
57202547
657494850
593065448
753325234
220750234
145029228
836817817
113203349
666500343
405191408
601984113
67546025
806492105
655379553
631315157
391588153
236531807
458561807
952013763
564903203
206471604
736146148
66084970
806033243
342084101
791122011
561470783
37521042
220729793
248529156
257711804
889740308
541294217
805543564
763287624
1101048
254042251
958655250
283434756
259341528
962064000
334327459
89058334
44322065
341098280
98621469
441066036
113378787
277929969
883392164
141671810
542899106
378343532
914167426
431914699
95474391
694613503
274826981
882505129
141184248
962604410
837560925
648572053
883118325
471875564
269207018
728998727
42202369
223923436
488388577
134739805
409429805
870010385
526290941
351734868
467700035
255014289
941133694
60608603
952456284
857625519
157229987
316038192
731224011
237821878
135909787
878092718
773904892
848756905
639308570
253276119
784015936
118586821
822994364
502127933
182512186
201781435
495188056
297011781
775494832
19443040
58688416
84438049
890251439
886405278
195463816
491370815
725578466
1197564
594031610
191875429
201941774
386298063
501094009
608791365
329944341
680432754
974429070
168055094
549861066
182005387
483109533
247116773
90059669
702461877
656942664
462288607
338180778
509157383
237065799
647236706
753963236
376127792
510188520
217323610
869718914
219506688
520111233
98294671
142990172
366729518
772861831
480132180
60039222
92845599
372851810
438705544
564217383
76711840
239617543
210714118
551585220
689256676
634450268
780284793
848549268
578443418
597902302
168173465
72934558
319193381
64151998
270238208
767913469
763966719
79220520
959703030
310438776
670151778
214804190
851940392
292243520
952805618
655285311
79466948
225922737
571955853
185113322
91450870
409431953
76600539
5801637
363515540
690486745
923194549
473498517
791820866
116392162
792006044
872500977
100093559
206885181
614272724
522383511
44427426
25128728
721048999
223839597
4135414
313612189
543595834
398088994
841811507
321518076
585109450
303403066
330341668
252951716
93824327
227364424
593172907
599886930
860359571
441477084
603064614
66346017
840501550
710093858
157348805
307751335
747417990
940202232
163578572
697607873
68649215
291360541
683833648
481967962
528839388
553379252
934249481
460735990
750914741
673447180
561802076
262493477
881624526
371012543
597464405
264399596
220901271
210241275
177960168
847104861
68575267
603165871
136400552
803778521
458634182
201231164
507295937
789908890
553067791
739343324
282859889
522402017
620304080
574198573
617382476
597412374
993320020
986458868
476300362
318908541
413007845
125137000
168876496
52937434
610194676
840369492
568617436
45431093
406855848
899390328
799643826
301366340
588761286
58508848
809682172
669094066
840272939
874559036
13399237
577881403
559660937
609322305
993217800
546365696
790738460
118788098
42833020
293581912
875238758
278025906
121334326
660364441
311222360
267398563
544066440
500583062
614249949
780654250
400490847
620926949
335677009
876638323
57376587
469984601
751524224
841982323
592231380
920743692
667941172
383952082
996601895
748268414
172700712
499652532
58612112
41290002
219601829
576735850
204907300
164559035
834052290
440425802
635425945
833644401
468132866
600705992
885863890
976027382
27106347
20213996
271014983
596279741
201007445
298783870
627156640
695915808
970330689
342522483
997182228
62173614
741924129
903397475
290685620
473820420
663592657
672837196
303266188
644676645
161111365
925503717
269222640
496285675
693925344
119687597
998598135
39634878
635328026
950601865
882307485
753598449
815258101
7903593
421977248
666291477
691508871
246240384
819209465
985796341
253756667
411647904
509775746
529259455
563415690
414035079
379962847
517723775
92843149
453529201
987885148
490107319
467242618
511077961
637338820
833197708
243563426
168432952
820856883
996249888
723811397
988361318
814875721
647971020
795289300
510595814
350767325
297110830
996880615
715126954
300155345
927496697
749180243
482842893
490506678
195897564
720805640
839405902
54824377
307147848
307199534
718546543
409850875
635112157
390676720
308440781
60917744
190230441
688556615
595179999
174720026
651814449
913425357
403887084
778016872
731889542
721971973
786340848
609177879
732819006
111075738
988888923
58469272
253175518
98718031
587938909
442330073
158911452
639355743
23686408
356676880
596387016
447177116
835837685
576647312
602625610
625079475
486693787
521992262
988570648
319072919
254947333
856370266
628298782
900158673
87479476
435162929
531134186
560502837
886011803
679179012
513990913
644670145
233088867
618393321
983224777
480698485
758229108
576046468
276407027
308026516
684234923
169159047
479651167
642230704
341464614
843282167
126731179
181691573
299825581
810593146
18386445
241021222
611583892
848200324
436175082
951226915
265849379
124888668
953622861
802643780
991485505
941488485
12948791
217876641
742965202
586726210
321638048
154081526
237765010
668780202
55793718
983512653
513138572
928165519
376760566
922374246
173561007
708447636
822079289
618578799
817379702
152336055
12778034
676853083
260417846
18065863
186068160
282750940
273615345
431592369
999024825
595771832
867259436
143867199
378074080
3525878
514192081
160861169
270716308
402536260
632439525
541171803
915179893
928241558
664002093
88706703
326109777
700600982
286561489
950123164
510014425
186269751
963172451
984205314
527942946
389558662
96640333
319548082
100377766
102535474
437203460
34437096
770182504
819511704
200218664
45328127
77014889
606379451
991389993
810092122
165869828
491738565
5807309
51439072
184476270
841690701
784328928
931624808
978365005
939035420
413106580
229220834
154847622
520146866
479703051
294718209
460228383
365738213
612023097
61972630
858931545
69159467
11991532
17814703
823153331
559329039
313499085
499343625
316607429
447675108
302452541
801004599
588989174
417045853
785590926
782912994
290977632
758835186
642260654
127730202
992241979
397881595
220980415
735113829
470569863
104842833
738472179
321340376
908771792
633776529
382734019
608428959
966045138
730329380
906847714
444640615
54651963
496431896
75327706
635758110
401220005
317249530
622719939
507513556
237165997
648489863
456085852
187729691
176214993
608756134
381744899
404558507
869501916
782876904
48986471
366331133
851938198
962423643
35739285
752623749
620045867
576205889
956272059
857315604
485871444
961074485
902506479
895862739
479032446
846888287
744957006
79307956
99877182
968063954
44692053
398238609
813253909
893979998
850695728
459877495
385661656
732369138
141347167
759430446
614465758
55063358
161657471
289855700
195810884
689907890
628352779
750979237
271213109
6871325
399504792
656107116
233628350
65898043
464031881
286940685
91622274
664940372
942474534
521697572
363274759
397128287
871112244
473740110
274682705
269453586
314247032
690158040
731798354
125914908
556755904
562526431
404170125
518645726
178986997
630558501
9995760
680181672
830584511
32659096
245016322
378057745
510586926
771654317
93069907
994896519
430847366
160546312
252782451
131240846
612969449
58254583
146891986
175751708
546722446
683007082
155690100
394118614
746970284
977963219
966639553
82064255
900780028
484538691
405761694
731330990
781580898
329434030
241347128
574625337
4296279
969772295
565398902
162471010
303356508
548457563
906263919
212654461
766879844
347310294
63927052
205560999
720120356
689883440
162111754
418875670
61007634
254142994
443546027
738314621
678245237
768312630
472941927
697624683
492513293
834375746
366353624
694496296
688780857
9039936
461437485
130738764
577158333
206842009
458378802
162020249
596457051
789254582
628106897
76016667
633932877
525451922
569924415
993752478
674446405
873289250
90395663
85248116
397904366
397722458
20031896
502877682
964142926
280054113
273553547
873410104
447376578
261197504
310666144
196106013
394145794
626593037
945639951
140228584
663267020
402302335
835887026
69217555
792226521
713140194
398026689
314490531
591635312
520925213
773483544
464450352
498622369
900919409
681449338
599446246
585112643
143623583
203458981
904012865
449643086
542771230
77337500
376156395
830042876
826453777
924584807
174450413
308887589
416550425
524230137
202332839
601487230
54294205
22303316
672798334
427426792
878215647
820657919
327021562
286888925
358067768
108687870
235935568
79134202
525839133
433635308
565583375
600118405
295536295
269334061
285875538
380957448
701365667
407358800
449158254
857770272
16954249
364764664
997175796
235160335
909903093
223478441
954028210
921349746
528584160
956616955
468170809
897465822
457969375
652725710
126726100
694104326
686805603
612603434
434778252
509080470
764511668
858967960
520215559
910736856
139244044
942474019
788563650
562582680
961397302
622420227
756339976
780140067
365408206
493053197
330714654
933941665
138537281
642622346
784398584
616914181
257233943
10556906
639590245
646199212
862204409
781730816
466812162
946744589
505493440
708177517
851384427
909242541
216765766
866481147
890346643
397662007
462018461
202856265
178737769
202426014
72270058
699900797
895420438
313158504
420412972
944634987
94276527
718811440
561619183
799917461
630317101
795474389
927190250
763174609
861187941
511824949
834173048
541405045
885377493
39799411
27126661
240574951
589728787
339772568
352698757
643366441
100033065
519075907
297084905
795756124
534739758
673965385
66626244
261426359
480331163
8898819
107333053
664060825
179912896
113756816
593766741
497029831
139378873
339949477
238661626
548293008
711080522
814707402
54840271
554165463
97553400
674834124
255346552
777504401
815012576
445642608
786878894
671782788
121201347
91575961
658294917
126708390
638026231
770464045
493025314
321010320
924738573
946557493
572465650
605839530
970782699
586224140
528502856
882855010
354467115
639017101
257488302
23327678
72404389
312369728
451479369
55560175
279054167
15627378
396777762
405911104
450030626
271324837
529731140
684586113
546869486
641606928
549297767
112390486
942842604
579441529
158607023
172723039
777372121
735560792
955563983
453100902
338588504
265444797
443181643
839849904
381467485
303223779
711623031
110216051
881129287
472788820
193744674
772424378
409772745
440154964
449426525
326914152
843413067
389645436
205044870
559880863
409437201
784252553
71223648
538338678
403036881
840197751
753423512
213897415
803212682
956549448
468151276
941714301
597580640
225198779
785411296
181508414
242864148
533249379
92226065
338196987
193599257
82821855
334759710
151979096
375265047
4017052
594534022
885625428
655772768
278495537
692232684
636464705
765205450
430631099
995579921
2341133
540822998
331671891
189812937
740709376
642468930
318549900
106908142
783449807
388102022
526891255
929036812
829873503
205748831
222237771
715007331
694711711
314149786
337849772
931954949
283905643
614959551
77570326
179341833
19157725
78263441
777078184
91019109
530080703
351602331
548803740
192185361
13598913
528729380
166452303
579195771
751806593
177714120
943125356
10097563
755180675
740917938
160027464
121185557
592851205
706363849
363940773
317877593
620527963
203482807
473147444
599308285
523948867
411306928
146200946
591571348
986318412
90877332
784269627
92296454
674429761
906692984
890059248
306908850
45591588
221226074
984142912
861401865
833844656
166550575
158385167
37688615
313059667
974912981
588800996
475382479
59907385
632467191
271619196
188101093
309250130
536126610
913130249
625930992
396408285
779390633
132086023
132728445
982743291
895643504
700772588
13756679
353475972
956076528
255831186
30903302
897208487
334627798
702727685
558927577
750502109
732716180
917529318
181406377
41646942
260958268
544377302
351640600
900788651
572940357
866402977
576485471
813775821
412018709
69777602
690672538
936792302
720986544
278314001
521287273
283886739
335749807
169687560
451095066
652216312
756894159
448189231
487436271
3865369
170494779
64125653
625047074
619370640
705435835
378305270
895719598
862211936
387639687
513306217
18630231
190413421
915746060
522734350
421262269
349530670
746657611
272981331
167584046
421619624
22170728
352375825
253850525
914015160
130384623
123668404
913792749
320382688
801613960
232226442
233606123
22884272
984833038
215279577
367345673
899030292
330924917
996648525
410881555
555085566
290913355
87912008
257264791
618663310
341924098
657990461
634979552
53027372
425801523
259895080
939888089
889465223
928128787
84426171
756174516
397495883
226519488
565324917
868514337
457599737
250759946
290323857
58755463
547311345
328451134
94813392
821090341
756584574
316214327
257434020
545310565
622939792
606331187
485151542
284693742
258379659
884712665
852985656
466373580
592439422
386766337
194323208
543775386
958116707
439290200
51744718
525069815
832891689
862960060
745529994
908897791
460192073
67563840
242046795
57983748
742039993
468001871
735175714
108707271
967886451
434768881
602029064
322155404
304413214
467634499
551119861
326289837
975849867
100148143
792996772
718683699
768077593
279628325
930595817
163055466
672507081
382841013
31866905
722630299
5166081
754650318
45007085
796881373
355596065
147912237
115980437
85905635
668889204
200917008
903672177
426793267
131042615
488191574
348994521
441072189
442718197
62040625
572151875
251578285
136269945
346140143
349988719
368804391
931856988
128738648
717246867
978828853
102513961
427783514
400342509
279363055
72175139
929433431
84214882
780588093
103756891
529857733
958528
232587952
882372172
13128436
733233082
408691527
428779305
104568188
117098241
977911755
132829825
351192637
673633396
196654020
60091971
49127237
611711980
871029034
783119283
385751757
451884608
86613223
856185285
217359636
699431902
115701016
486038990
510038292
816881548
439413731
582462350
767930563
557053053
364685225
593430472
951784613
128412869
199807616
252644755
696799387
951084555
42438950
570159376
752411388
857353997
197500501
148411429
174109697
446793124
201204979
958809845
550891512
49273757
257083298
366344278
922145837
964924267
184457410
893136529
429883060
508868687
626789350
97044175
328904255
245235674
569011822
84171589
566644154
185473192
692804947
773865898
397725702
662670588
434111562
531722168
34534121
891991354
506396675
975040153
318086595
166190457
191611988
122406316
776050802
213405301
712898818
809431620
255915467
932258927
797520082
324110451
788985232
929098324
72253954
521385673
137501418
886531172
478108598
117890237
558893582
390471935
971414336
701712138
601052032
61704966
596337943
766022699
142957180
630838920
856680777
316566132
604570794
31802726
113508259
278432430
256761361
843069593
1718226
901474778
256224282
458386990
96369660
272371823
948917636
902416317
473248575
750065741
43956244
698198904
80838895
693364755
252179802
923697742
261424796
518908432
913780334
255418899
978505945
90712343
72669509
113865825
47226095
422719186
355715312
727697265
800107933
645966818
481305588
118192398
589680873
106913319
666799930
635481533
506890012
582306746
800849509
508128313
905962128
366871133
343010874
97498228
910856824
878979670
558543101
860854464
74137385
814337757
277227201
399654734
714507263
251103421
255071463
891387848
343184097
82186704
452281809
330683983
114401736
717792350
33686463
670244261
463514519
143957158
594024885
39913103
721191351
29490212
542040595
644924666
988948231
592403885
638295511
566419993
402012324
699116790
880551501
994684148
949657599
966447346
111991590
577734908
986494116
365018410
386018832
98152083
357445155
759636628
140919810
781573965
4167040
42534603
811984650
274497544
619971894
671601334
382482249
286776240
823819871
257093862
589117728
162016091
571083294
139887908
745514126
120857937
914658611
590484789
635289454
807156842
174432366
880144050
893513115
114524887
929999698
894640920
549342818
42428766
484635693
9489948
91886693
873754378
925534832
228537203
924325122
889297595
942319516
987284806
930720855
62913784
831638698
355710664
211823013
825377408
620078411
843871711
336288046
334869355
895213502
246385733
811874877
728207929
556935447
326921657
171322957
239707107
38726214
66414791
678229650
753704158
221757753
18501229
650548112
877120359
818972699
475003238
640297321
113940469
686833227
299583845
777330539
440815685
204865411
686423414
862289941
262817190
974072059
882721785
917653322
366055468
521916029
65369859
366636199
694960270
524653549
941230995
123857542
81095786
90156699
846914270
790053593
386459718
967491265
622423038
71999827
487516616
910579201
207352621
800554527
9374177
976131372
930351672
7113012
515282048
148357391
553498484
763387309
413463528
504106825
830451398
729458250
152038375
407923531
452733376
239858931
381930013
807699620
362845336
654328301
336145168
399060768
786205432
441511921
515123460
198768508
39614222
777035471
942917944
250856373
14343809
278260912
523550016
204885428
171194824
464814370
485537067
614376657
591970791
325345745
588628385
919527648
894624975
663701342
212563573
454432376
140519015
329384826
378276907
106066914
933329569
161028343
372159654
629041344
858706844
53853760
260569111
47369065
246307671
99243501
389211179
386685196
115670533
265224374
887963946
59295920
835235199
531353435
210714887
314837407
575758426
749823105
904419880
135629215
431905331
957461274
406589384
96877826
87344764
902360646
245843674
778451688
446492189
490228493
177346699
451679005
679362796
632521892
108460582
54202815
962035711
127833888
806030664
270160121
306814247
400922801
455324774
673743215
750484752
73858454
906294642
178842595
422182893
203751106
577409273
179504930
518051443
140763929
226316487
393104579
315603030
336466434
621627995
758874304
566769672
614258809
616007997
972690801
921182933
982337959
775679506
539455287
6615688
417245244
937230023
919528079
352369622
470306147
942534889
776564345
332564936
408472886
210126977
517089924
627880842
995145618
998302905
500983111
256977531
108807625
954334390
345211562
701192468
678503947
328444499
288809835
258856810
475760723
246178354
755529193
385436408
62727587
204227827
569355793
18885159
606634713
74038597
729582770
239027833
412785155
895555532
351949223
824662317
18711260
513734043
157025220
900943243
573556682
67708690
492357149
520820585
655613708
548280303
399746827
670400079
945734105
11119328
558838822
582393509
223662456
163642110
433317624
516851310
836779335
224460361
407805721
376307942
719107298
202912929
296087578
531721966
618818312
400430433
984976483
722388268
558227097
663616932
525709127
744107496
858664760
328890848
679125184
985305353
883858320
761447803
143630855
390127711
999762167
305096722
241563347
269090778
276143805
538315638
166938228
530176363
774406070
532784831
687200794
646806837
935404208
112675643
960361541
395276098
736667679
63407930
411784801
599092218
190408233
39863746
981828550
469822988
599412356
108028744
658542226
68514114
757751858
578498879
618489948
529645492
186102532
185728252
686766564
902826751
720044268
2476931
682665004
481283700
414293946
189236573
193685053
744883232
625273883
440849780
9526210
518197495
69288477
619387054
636291885
926256524
958052588
600514730
542842415
877833029
110454324
841072051
123401148
311182460
768627447
88577395
412832314
451715205
435015839
119398221
35397817
559805375
824090723
503680404
811827345
432392181
678321046
275824612
426138324
390384897
408379616
278021147
483403809
816877691
5707202
194224741
790605737
914569576
946381778
907853624
501839798
104948629
859315873
726091282
203892442
53230267
571584737
271869254
65051005
114774877
773708541
207732159
923630590
251296012
241034073
985092561
219022699
591062393
917039467
90351794
254649368
249013543
205869829
587153940
215951901
482852441
322942465
90802575
745729362
729934132
65937932
676293411
133605668
320521341
322928729
832081147
985025121
682707069
935741875
913390200
921533424
166566043
595883180
851634679
849327493
497300728
750482651
241071813
562376760
922638981
295226891
538727814
131670100
324972953
640410452
556603016
308530523
84753519
477824766
569274759
796885598
616795149
532791653
904107013
991237884
94370603
798548755
349172127
277254053
520009316
861177130
143114310
402431259
311526318
883962754
379361807
51079765
639835230
366404603
973300878
730385805
96910340
418741759
122264095
70421150
969237933
440621008
419273136
279903722
620351895
687391328
856362478
559333432
804423456
987513052
657960608
909825786
132649750
9751205
275264143
384639059
618378450
870372705
881938323
449427867
630234619
58929120
834796467
240766232
998249921
504166256
359750011
525631866
836867862
515102842
219658032
994272298
110594388
757274763
467577266
29318359
540939892
367141428
315392212
345868800
807594858
743087781
393071936
993489417
680663411
469701881
56097066
761075391
654957432
432409638
315716959
593980807
121730581
728281493
855082571
299883117
556541462
567205893
96827985
162661378
803328602
904918415
449099675
700946449
42035173
30217536
267035251
332860135
72947550
984007214
62029037
971643862
561092625
802116269
305133712
383096349
206912287
178652501
278895034
76946438
159423001
749274023
326253540
564180072
114959224
694734807
593145376
613103191
225293291
2622450
112882226
902520082
71745964
4265894
727473764
134761480
574470242
663131403
849399087
781674900
365072258
808198418
478844322
117858909
476258094
520866135
428647722
998180163
781441909
405779323
101633368
49537062
737011050
680710644
594606726
579113272
702877064
294631925
31452881
327524168
493880322
139338133
732784
745520045
691597496
373298527
635684515
65540089
837418637
133179412
947324650
822679074
621184137
431687423
309809747
838938012
547444000
28721096
534289480
882463831
991387324
287821724
689934248
518825001
75349415
784710111
61601715
403083286
228865163
60553526
136368245
700585656
87311218
291787450
85700108
243127858
444004014
514078429
63966084
188367955
974713921
459018355
517299048
181597671
466118928
39892936
277105359
512668063
452304985
722942593
326930024
546191465
783539544
848497475
87160679
934396288
533434320
543767178
502292869
303860
11130936
993859609
984393726
660398493
474497926
863860799
927156572
92352542
267902454
561144948
459182969
758319083
23158561
106484897
235255415
451312049
77324567
219335686
119188063
798704417
727681046
295487467
621205150
143613162
850309534
649135324
70119350
678109175
597275220
55702000
827912246
562131797
584356735
180189519
102050095
124422489
548317840
924786860
381573452
961884884
507767853
219111019
619135060
172563937
907428737
180113963
196095808
183948110
291594025
74446192
949590453
300693189
138647137
275432101
297953371
62468904
412071798
735858735
953608968
756215439
372277230
23466861
583913763
126285680
138162214
232219094
466135000
478332624
122436711
313149202
39184300
919337565
972628405
836829029
809900450
398572541
881693992
948263649
229362230
730957622
37832030
300312980
862385214
197904281
990081923
650636364
573832965
343889477
484162935
237810447
526491280
268726886
428683589
828484038
697078619
129789584
644652668
228903771
872836244
624812605
254204413
781649597
23798248
216965564
248172568
616244330
203504204
295696772
797863586
14709978
967806600
836235193
954409022
363435760
784273225
777906299
129828450
429912177
30504716
154287769
708794941
707383045
122713796
495932697
639301363
269395246
542843823
11769082
192701660
752065821
924242414
199028693
412415847
877556547
724432012
849877814
116448958
197193880
748767768
4352582
804256764
965509814
991118271
722479482
980462178
841189506
678823937
161600327
404569702
955394066
730282342
176018268
304125500
44482037
785192311
601845262
731148010
751383891
970942907
210414422
386314117
406654072
76460706
346771354
729067060
996053559
41626300
404798268
773695950
18672778
277250642
949756809
383806597
549584713
193545305
172507817
842694966
197367777
937411995
396298869
262847910
662786464
915710974
850624881
360007494
910651417
950465517
70495711
898326320
110276661
708329791
679610779
723516408
971028486
411756981
636775024
904599635
679501623
753497711
716782852
825312463
813328465
112736335
913651005
911018993
11526809
518346618
689929833
286576189
624419213
70803854
896507238
888413231
85448264
767056182
959758872
912914372
781868893
122422589
878739905
165407199
792299047
578136034
260818057
242856747
264140389
375560056
855577433
153127091
285537770
761556597
590255514
389840724
351333272
337140424
143743719
730028018
334267092
802809848
943548147
396140707
945212558
467911375
473147929
733131909
838695130
712854652
192871256
887465441
967554404
409939571
521065129
702490251
462562486
259311926
394249814
982993957
689654813
755146453
556644764
264403106
850982063
714849026
99227257
809519010
474753215
787393258
881759764
43717875
982439687
679913244
659385340
757738688
672510736
209696862
867889927
974587359
274123555
887897513
430983766
341237469
81641993
818382000
526017873
376369765
232803077
362047358
761605049
437548427
982658411
379606311
403456496
170373979
666469243
975283878
675965006
124548736
648567891
466247122
370818019
480029443
811598772
97172697
211461188
48354638
546769493
64977098
38339944
664212285
713983279
230239203
814620448
935032272
969184837
13974685
63997306
118904019
100868033
277738115
220618179
154466199
927336512
178419411
384743
360534211
431491447
990706492
17403635
96842604
718313147
650637448
383066449
636488234
615275547
6034568
460387888
535641503
272907757
407570196
967444214
733916554
762484310
822046474
737240355
604463787
195430367
165777431
382555724
701789404
905872400
559439520
433295531
984579361
793405627
97621531
962633227
917456579
705632999
880937042
985287042
130886503
477114070
26162773
931275499
284598702
976744848
207416052
771541828
913491038
90904712
925430779
613862664
572453365
615183780
490450597
688353328
927070431
316311781
810481508
740944885
605704731
268653091
966891319
173117559
5814603
404637549
812999411
698950875
452980097
464068399
905495040
512968637
633156463
896537213
661914750
725198501
978805488
519769816
560875552
782640595
690688161
998804218
740136871
382644166
505990673
96724412
652095412
866271357
600718996
171143307
336053618
796736025
578604475
825225891
990936576
164607984
684938594
102779668
162082168
668974745
308219331
833111439
998172560
963197861
100764939
166439496
435370450
989719810
728827426
350438756
925239177
78435404
527231949
617488798
369041764
986179569
693717134
454076432
740003673
668631771
974755124
35361164
530127755
566036686
79877295
937396703
120280315
301034473
705173593
823556692
200425542
212738853
954433078
720982361
151901411
353572388
703993813
304515604
192603156
113390849
780877475
735763613
748933025
573557225
737837509
679431002
748580286
659323128
276278688
28939986
974497366
544363597
265842885
644985310
542381671
203655005
724761329
283481080
693168209
888156307
302244715
154905992
961753342
322081717
456326511
100107701
115423978
964334777
413548427
795918142
170388661
881155885
405992664
854026356
298645653
135740066
44297776
670645038
883065986
81728783
472204433
34822922
534708657
751694245
247333868
313098761
993752206
348845948
679807423
873565968
761324272
777158145
184673025
62555295
6942935
685403005
429132502
278037015
808800903
121947752
466809674
370204515
773969337
171610967
178539163
889009762
95849117
577220740
956226268
453387530
219377615
628218060
580442685
989438850
756033413
192671517
328410203
454956089
68250847
473981669
414493532
296059385
862428492
146989868
139630837
927299674
922798339
986857773
819012334
73252104
521453000
249372459
157434328
131592796
882815343
491284841
54254364
915881614
914481758
509713658
725449902
292486023
664093113
716909608
858322413
950575631
224578725
662938771
928297958
741071131
349975055
839425229
658177019
234735451
659517924
988150335
602284359
645072585
310672780
963331027
24920036
498195397
208011680
913660615
527934561
946535381
527634272
55367865
16232538
389628428
406792675
766517677
199593539
882269105
794415555
240319443
297251494
395376774
514390968
433730022
759368748
219594816
922017095
824442062
544181484
17078070
253675638
328455172
633737283
340666297
831950300
897058046
399722161
226919636
530993191
708253442
648745538
427168233
665138029
481093468
834094324
251630122
34773939
57692335
651747184
272612333
840077283
152263854
760091736
592900938
636365731
192972965
164652758
915605512
284861679
897204824
130073198
614586219
1320014
300804390
980253987
564934084
17219099
461636860
357179916
555313809
107141163
135507066
270513594
114971389
888836925
749912461
712133595
738323184
893343894
523403859
473915918
359281888
368950677
344368494
219485445
461389473
665993824
670093490
844086659
286921390
879452361
292295324
611893316
539287059
691412704
825438393
764630956
958531360
15202778
876099704
40465482
844937532
603839538
122559339
370800673
760122254
102248662
2675542
31770653
93170925
435322387
915913808
343374922
219888234
660779459
646364874
884242357
38071656
780289083
725752342
319700040
470796580
154691941
938133883
679229164
969176029
415118914
708786086
411222141
144746358
428025831
3900595
577069467
144336400
365974450
253383937
113851109
656805385
83259671
53185158
627556439
393857108
345054979
226206730
494909534
206556574
410872919
159234610
323675949
217735849
493003866
424725204
79540108
689173331
151132849
274893530
465370100
889784520
789893450
937364473
804074043
446670777
120146110
515336466
309546111
616968785
388871501
292884289
126240970
960336245
362774356
793781387
460390653
906114677
201110509
399381085
685312521
946222425
608203120
180083489
708330979
108188182
768348691
429725134
165009540
852820675
60795258
540683119
680316066
711850108
148799302
288199335
327238415
226153830
420300545
541611786
139049300
104042342
29620493
835904880
637357408
445283286
729501551
757542041
436659620
992326358
260062277
515932859
874680586
868228013
833318895
767347406
976842248
290577009
251081120
583419491
1326892
488795650
337912046
612203983
133616389
237509811
818547393
603219942
303641677
121495903
330782124
672202006
675381575
3212279
308163491
160466261
752949131
221646829
4549233
718256004
122453170
157027395
389845294
512670202
622524665
970454247
92589127
709015702
221025993
131258451
226840126
454137716
550259218
806774060
334307915
318315608
342376975
674049845
677326361
305864148
887483904
158643530
378304505
722522088
644972543
576790027
9167149
444022041
864441754
28652274
602792285
182169879
162359331
494202160
72330598
954574261
948756671
734862147
897480629
47641027
952893776
976011227
681496850
129447006
356502960
379169869
696074377
772007661
551695860
505625581
100636161
780540027
554987455
834001311
820086137
870952095
411515428
986408335
722248882
247113324
314699122
174270320
672282853
288514847
198716011
257627725
625204719
370038647
968715912
374855595
668286176
530058214
318287736
512455672
497246394
899720088
907131297
857127093
552150118
274584474
251543999
521448284
580722371
952559473
844969555
987708979
575454297
647022290
755521605
287290971
403847954
812214929
492445988
998781068
838037960
884043423
66884228
131976888
989548172
976325932
134979289
923906607
846754580
476916717
547506464
700064336
697541073
445801785
962284231
774319057
32710758
899217282
725981262
496644961
49010075
241499590
550700197
58507116
245997762
403109656
731120845
493136317
508314826
528971078
41364201
304567324
479481679
340271026
687220038
121137857
340381844
329371430
363722616
456957535
779074921
599983691
345087697
735399538
792891386
691337950
336432295
232134191
769890071
726052315
126850252
953295282
516586699
899868128
640407182
927100189
118820357
83073375
449370927
880819117
65825669
349715675
911117630
699755028
500526882
13762989
229983247
597265823
676866710
542408995
463943550
158991023
494763490
658134546
616168296
192964023
994535229
982206162
785937893
575797977
111539186
837708086
888281003
920089263
299070648
566037905
722207545
88693263
965607146
952189095
440541440
815524742
55110712
238453422
620230465
789180947
803462261
521630368
584319373
566160169
872544153
319848762
122938279
953701953
872087135
817269888
762791034
611773655
766365585
128376559
953372019
87371577
938217401
921344257
269642301
420552859
713203592
204347729
216996966
784471715
802300978
893243317
445045921
766254614
574730442
55923638
224119036
902368821
192351109
762558940
634643376
463352453
40555302
897916794
386414610
32620252
277844257
320837028
863985884
966673593
271535874
559438318
406956308
878267403
648219819
321767272
186943791
815725961
893392474
371873709
11972297
145774375
848485229
751354985
617896379
365350844
638188543
774284586
89785218
36974255
806031977
974544627
347884603
438180709
80916663
281566707
340134146
463761304
869786535
323808051
574243322
124970745
890062536
588093802
135595957
428773463
442324303
195004298
359327169
783077952
502398812
109120376
371755876
3233816
490088967
503862580
716492561
403094937
828919928
61468221
773277722
964217596
114103471
754535920
794590992
185293330
527920542
830224865
102139825
931754503
285004886
277165940
738649644
413342179
153008818
472501271
827173080
229624349
264057002
863947121
949708459
6996686
262077392
957538851
110082769
462765420
220377535
715045688
25387678
802747792
629908745
475448953
257304965
247768302
670495266
147358917
715629268
537849740
548189576
326633400
868039150
803264843
358103218
524548015
610432166
425259760
698271748
438025509
584306956
505184695
731880208
4515900
428741869
913070258
630924595
101139195
54401647
154285265
426910747
463982962
387651461
44870606
155498972
521174570
61682653
25561034
936320954
511443347
513144211
310282793
401010764
338288371
201169526
868511483
687251997
274499035
433149287
241934918
707139142
34846993
754455034
162828901
760188846
377587133
262389370
300116775
457484311
844556193
800830195
716227443
368867499
641156061
252146515
415907973
335708104
229032780
780303251
853673469
458953887
597901113
763135678
780145124
543402328
527260899
925908457
419335306
570455898
618926909
85353225
518913638
252694138
836889719
340377835
345650283
469637711
287603612
960831990
281928880
731735185
439884574
212589000
981590881
330025578
521720685
476199420
18164025
775507789
577632451
906032019
485397441
542118352
537629422
648892716
770876794
653484110
314227724
64838816
39692245
140675305
938418906
58497128
953029595
448789117
355279695
494545919
992204594
408588374
370625404
764182512
322542974
369414054
259271422
95384206
892413095
591398404
295251384
154435353
836880704
680236498
577528968
900510832
526859411
284194952
633547015
997443422
875401609
601232284
44768700
384741098
553972920
872006817
734923093
661157255
34789177
740669780
882136091
355685524
479485896
497725675
563527231
842840316
580903918
896780127
812757264
602699518
503165403
219212099
11955916
126216059
882033043
459812093
531218734
627727044
495127483
84527750
930073454
3482917
781005096
996352655
893756554
892520666
428338623
157309196
958537333
178413747
229906234
999397478
205173562
799335011
446732852
67512119
631851266
303192151
670780837
930167827
826391311
245680235
349995346
705287358
345810355
474539942
704887056
101236714
52211575
269063945
207460671
667732678
251664065
425307497
119322418
603253106
338718511
441475047
969884299
656121064
840927864
665284896
819168027
599462026
886837884
700136279
701619949
985865886
923499847
286349309
619256096
998337013
433641713
277851051
375037294
365104339
178307607
240871456
867940313
641506088
542345592
694529673
478264788
994728061
463878160
939821895
979382649
424822199
660104938
587706519
703965723
578472563
69972202
994749568
412288847
34741705
700568976
426992260
260651069
728160526
555050522
689977271
203955838
91248825
823875604
662908746
996072036
88067194
816947875
923784244
855681239
454968982
598191174
258587969
310400681
337634601
457042672
22962613
83826992
879855087
423503965
947458217
657510132
682381855
560092588
46218198
366664418
848472987
984615984
823219204
533575654
27506948
187241850
759770950
932882444
926097326
54492353
449914186
878265638
90318004
655015358
646880334
978721150
36047157
808688872
714542268
22255222
333182611
125206297
255237227
10775854
829981754
554999225
2315084
705332596
732392884
506364742
215358263
232447199
558035919
655911942
209403541
864071773
616920481
851140056
585562616
817540545
232369016
260754566
655093413
465931832
204581256
887345744
245457521
885949407
881786635
38189204
40826866
389003023
947889148
253556765
235606654
566505618
397360041
543389033
648800649
116209446
554493205
667318389
409653012
436983787
357561516
333430558
234140758
968028613
808049843
536737075
65470273
350615467
719235748
722769661
778537038
62479639
839932718
249292142
33801129
438463875
907229354
678105991
653632507
538878519
448065273
810374809
979171725
160666438
53759737
547255530
190200986
575700446
229202252
963003642
699565883
46903992
368325502
525920653
537361107
341371990
326621559
712819327
717110216
295355913
381671194
69561186
440855376
392433118
960083123
271304270
908734119
512297641
410583292
77321792
741348020
885253460
558610374
494939008
405265100
461147484
395102894
502198326
82671580
181234997
431793828
126052719
553035985
954533810
82425344
777490159
349717163
361072209
911462862
508066569
358660858
425247502
947458232
772880758
536389850
341117132
213049397
318498999
515049512
136284445
560468173
167377843
143738359
325465066
261051260
736621759
972324915
188306121
679156314
899597169
970683292
85344605
265151397
516541822
419481465
575004570
356716893
129649637
786503338
896800440
72668325
995909023
593960286
276241072
718913713
881763316
65788266
472551973
969798963
622533616
514508133
259976475
588683828
15427038
356780978
239557332
749360767
544407396
248985243
752190253
2690085
853112914
886687822
67838543
952837028
610831634
468595935
211889086
230816137
80192844
8357586
977893146
906192205
832565979
739695199
463176000
246139039
35854675
640449129
516901658
643236662
657767642
398599729
483164560
531632545
848748894
324817816
135668474
521054068
217988178
336613269
74652364
950256974
308024775
655602984
394769324
876772867
927227207
606997087
433861809
693451663
895880106
746194698
925417793
982778805
136426641
12987301
486670664
556227436
369692936
856428443
141231881
165155604
123945958
257735822
677041707
776082796
257739371
985109582
441522263
561933855
752091885
557475897
273801962
260204141
759238392
785935635
832882409
175086530
100742607
470993662
933451179
942133061
768513742
496879748
436961905
917537808
560228148
755864589
694538442
763104537
523619743
621056526
190616643
930237669
918173574
645036126
675969016
287202173
617373345
259136939
180467030
671977869
953009462
659263134
955674597
947414767
272592576
52959183
448188247
168543235
561208178
906967020
596336893
63844480
317278869
196985052
796932579
647937855
835491571
796302916
389567665
775407676
713973669
552868915
48458601
478489304
820741879
926574236
199487402
70936357
510469274
851640559
565562362
515021600
178294698
906232159
895638703
904571003
314238777
608333414
839965123
169186700
691068482
270041648
89000687
90383327
31390310
731440401
631228557
510608742
993075250
478637330
712236492
490698073
566462331
449517704
205325804
899178920
976889293
469519673
794803342
71697881
421585429
932175581
565606114
369307372
237487122
579406555
560261898
683652220
936149453
501000945
539260516
285588405
991586242
250952722
530004643
295741908
775977979
879279560
297867876
669674337
705046917
942481703
458883828
130392548
326276102
835434883
914195200
424794714
455117301
590584637
805048785
620577496
365128905
676297534
998792567
392334584
767414282
728431862
341116719
818046175
316556965
550222693
382462051
498826488
562219907
447896896
499164801
51073170
468817525
355500562
245584856
145364524
218035903
729752679
880513827
10360840
651808145
695722290
542215023
445982703
502124858
931759227
52974079
30231742
927183678
80980499
200715932
190373301
956184442
7885549
431502894
291618609
231378153
406083168
590536758
98206181
650152092
71840029
307506643
978392017
665950002
72164843
700256188
196839876
225560845
991337266
449351949
439944640
79720461
402009558
638436014
649904452
255539187
59170265
965030002
154506834
337028378
539523736
199327209
419612650
819845089
472214815
29250704
31528804
918655315
19199150
941204749
190739193
714666869
66740486
957315654
824241808
924307883
406089034
606685428
806363304
659090298
779489381
453175131
810436921
794015915
941909292
821068914
514279253
566672374
606349229
309127515
544471177
418362221
938580999
910456697
901325869
487681709
989534428
339183910
704631749
225446003
643359360
535507761
266293958
87636467
450337796
97383587
239522598
537825350
69112871
779367089
248181383
28857544
677080239
435560473
184913972
468560848
329312083
707626908
70804149
170591152
470544863
314147832
896675659
336789568
757421676
255171192
583848718
998512447
518209134
553645963
71856730
638519969
87739547
917880186
702909796
766331963
850003125
1200477
709892149
199101517
137021401
179043678
976130164
318764002
292609544
124338563
74245303
398428685
673430125
569771973
284276992
61688621
953011363
728550580
803977102
499973227
586432458
27468373
273359853
382540776
801328535
396674470
272290516
362230781
14530060
538998429
168281045
740954159
582113354
360276621
994012920
674419938
116381849
765968002
699358589
987219522
104184640
36504222
172413184
970225228
768879308
606982010
858449227
705342866
929834256
139890440
809032156
71645947
501612927
483771807
851793237
130778752
984690610
853014790
876255346
739373022
728258916
944010263
117641074
334579939
3997340
885377451
326939433
110042477
4820957
159157344
711524402
85560685
309960489
987775811
488294055
834916296
989231933
796555344
94768858
735097428
246667645
122761485
742425380
775025504
615132606
428844006
495018844
737126112
544727030
735014126
613852053
862854249
972138884
137795704
328753830
179921236
725920648
328359526
711637135
873398883
716278648
307741586
326593286
156200788
832777007
462630250
987403467
677284858
814333039
183978899
614603581
584124086
685793529
947954113
446944894
935928709
496438698
328957219
28340362
252387678
266574050
223850941
223628527
633535232
76173473
319519323
356168832
311660367
317038364
927706827
203870863
439267491
715555535
884403502
870162332
661096020
890660106
958050556
190845763
886395532
971736763
827136504
432737030
779471286
881517066
83909892
997039666
470696334
413954785
804443351
39263452
568643148
309463789
178097950
919862511
56084078
72087547
54327983
450948549
624255315
352531018
277369975
621074511
784686275
472410237
872215663
428835456
193471907
32159489
830918312
196336867
310437945
193606420
113423420
868253020
98232476
877142457
879817653
611923907
626890956
389631804
634018916
826091740
109196406
200451201
658520948
814371505
397437200
620059981
288712973
849656495
221867883
109209657
375772888
369297861
643925832
464082541
680049116
395017274
928407219
685401000
820182117
963612240
160424713
510636705
342374244
293010687
341281613
146923513
949273534
397027150
786647180
541752448
908339798
327474435
964074969
626029952
790865154
100529463
898061649
764781131
869294118
548483984
70146930
6013273
52028342
623047642
910803051
214071361
573312757
469784454
478088398
628665473
727395589
482768604
103328913
283515590
397502298
404144689
917485118
140519700
236078431
369226724
765802801
900415090
548484651
647222964
207982797
251189500
387108971
416386791
69392021
772386520
54312791
691514378
795300460
126888689
164648209
449857186
485963021
200393180
731778053
203330582
373102271
250205427
29366391
930089099
242507979
458253003
763827275
951496611
400124477
332821103
122203691
949552401
757925963
148433326
861862377
740580823
863371169
99837625
378784346
186469797
429948858
252622111
738273059
400208182
542289971
820665281
309428586
602136108
840744639
573192709
376417720
587532769
843156305
208319206
420856594
58846361
639420226
150072956
928283450
783369134
887476999
755272589
338853690
895759384
916525041
141443653
718730260
529641664
498123999
945192147
304974399
435235851
975502270
935504272
910447147
517263482
9016507
900696711
147381525
516251226
750184953
506774681
675316936
270288626
999337208
824479825
609271451
928035029
749331656
442104249
806403035
250996122
144763499
249834370
756259214
402592395
499799353
262859442
284598538
410781888
791557015
434312460
287595133
160072674
278322497
420620747
751189955
639600495
132884789
786160493
336809394
3918510
975275021
628581857
636560969
160057580
216145055
340912375
764882468
198594639
911499941
340526349
209558612
319904437
324939736
483117284
944579419
201494505
55263720
887792063
630482465
650104074
239752601
511178148
33583333
730079363
455224774
196281870
41462029
829339889
354971830
631169826
692700990
58330956
785210945
729648126
101252630
149512982
87406560
437125268
982383141
732301244
428676349
636537686
77116083
26954196
297435010
863683443
685796126
517058807
371104342
232045107
415074866
765438683
635531683
95686853
799545989
653596705
754557552
291350669
758975703
458050325
71279734
892254592
967213579
53282346
37664950
905631913
542712586
757257413
615882874
222943903
702316966
473821989
1487719
447578534
332350507
696837435
52714315
640851608
604318533
438515916
853636149
459856200
188371567
309527649
837527204
573560563
740297101
834405155
334444513
577045482
424534056
338352915
914385486
668657063
771528596
742080629
170559444
948716503
944060954
582720102
680143126
732639644
537235558
275059169
133894100
571709370
994422459
603874199
918277624
976143622
200495885
40988886
417115141
94632043
576639782
193802993
26130752
348727955
112071408
707648978
599791395
555844770
598673033
526252909
229486300
255054531
438097432
19803978
511574299
100083949
948855066
947102573
267463724
395759616
664590656
216391227
582617946
399417416
394131634
283270433
476468468
242608424
734683489
156789656
487369385
43826911
95755598
446712858
463057338
873183579
321646835
93573757
104677745
215766107
683801838
952527372
528779474
528470524
44107991
354008082
333007439
576119818
516641656
579811298
507157492
378901358
752795262
385147549
473954982
121495338
817199357
401206720
163308502
114938916
244099372
764651532
164334218
514906393
99607785
268565767
211632722
165460052
869631897
177882069
720315313
97778014
710387518
263038898
125020124
622619376
713955153
615610388
426905840
197862068
275920285
611300749
26993496
510740061
609693732
829901130
240865241
503654507
855826236
892280719
405459056
888817048
579941568
324931986
534798593
714905029
434352481
663974049
887366491
626830198
681809621
937778379
804155036
699865641
459241022
153047814
809330433
562798411
57247247
755978312
651010171
168721092
187339103
256074265
611949628
130201818
646451368
677840829
935280338
816509777
189536218
229694936
429873986
658732909
470080999
652389016
899832520
144386616
426349370
774820473
488884963
983314408
61095122
694436064
101508492
488932014
995646621
422424777
593040301
841357312
828247642
116385423
505412637
705772072
656318947
403278374
464455188
388471297
669011161
677800581
872031687
139895063
256988677
646911690
813179016
981944263
455221432
874774382
831992997
561017114
675505393
329547868
719521076
431522802
13856812
734967071
745623554
996849768
205875341
12288058
272879514
51408816
323561471
447275935
152758937
635899743
42393610
865001580
645114527
931239064
551463592
428890545
666885866
519756887
810362754
488142190
378483327
758142890
297123980
795694919
222751667
895106760
405132144
77487088
553779027
592669436
406871182
843220802
787838938
400820092
720170312
627860336
74259884
470791022
8325456
410093350
825313194
712445417
820179504
331461943
413253810
186226441
442316906
176307400
547942041
642970301
659888932
369090033
65525915
135374574
512506751
770798499
839935674
173971953
468212333
619498649
705142839
799984278
907653099
324589244
914144290
368933576
168462345
967021991
870842969
758988214
733766839
432631126
85631871
561821118
824652233
415288042
813248207
470003266
390759590
741514034
170151421
777593167
960676711
10100663
624854626
262689044
219940522
526796501
514334283
940862517
247591821
949859571
508772893
74656294
951732974
552568002
907836188
831107262
43456385
259994176
763251168
619900749
646266345
649888216
125598151
855006560
476892693
659621228
383679227
648602968
46838383
548077818
938755469
938746548
695843945
809327331
286969373
57869183
305667523
136541673
833265853
610552359
217678578
651533760
911235901
322977409
761800069
317174565
525894349
649952716
849182016
813499877
562523618
480606081
248834125
819227225
331827061
524046601
532855068
946536391
365168407
183135062
522292628
180044857
60404748
568759563
715837247
26429681
339016749
91467489
46053103
677883225
813496289
425384882
380031824
304129613
708519144
164269049
313111148
21297333
958270989
109005035
608762144
957310609
568536891
375077327
556007000
711192935
705287811
640766448
966249863
221317923
441173363
686493515
331648424
821903697
208086329
618735535
171131828
899931640
571745777
874218362
939514745
232508954
297319834
101277302
63631833
348091890
804909816
244657397
290794088
549035182
628959561
608506404
711958338
982268375
266368386
108140287
70434951
361573322
820328575
554770878
403012086
280900741
334479148
96890041
307372167
209642929
959781637
164987345
978949931
813866830
449637676
454624340
964510073
908420963
49022472
145372781
397138967
345329298
699964877
357466315
847206669
389477349
570563559
521010279
348037277
406302397
264046971
554644796
715138482
928649264
526841049
414444003
341340314
979912463
486263552
35036701
889396400
648690302
729448495
315063561
97522692
794608284
445231621
534508407
461392676
126277043
362340931
667081612
502344633
896250405
609139675
963512095
157784991
557229292
940844234
252943097
952199347
881738739
191607721
595483237
356065129
982870405
591072761
156337679
627048681
949257512
480640365
268451591
226799839
911550562
619614024
524082381
769617092
133745447
388819589
28544339
190473092
402001859
933761663
785535699
975341776
225382837
533225751
840115126
865918275
872335121
595028784
495929202
271335537
950087755
984379574
139706303
382959706
51358832
130726333
380095573
187019935
865934159
137136243
79695353
629649278
818311986
884920781
32210419
636536473
308341422
617066594
713555373
844176856
550951414
358653533
854968832
564824607
264130551
947436632
383001224
542903712
30697475
175350853
117747612
507009244
980911990
611903833
841200489
202298735
902810846
336365646
586543693
822592355
144956231
951687003
260493265
122780339
803509706
908580592
928528771
710262815
687738474
431030286
565239401
624532642
250076024
950899492
169389917
494951081
107516303
344305566
574698232
636954535
454586866
336443944
311362169
398034408
395000171
807152377
900511161
368882123
677186546
111102684
410213382
803541655
665871220
448212263
14467901
431770391
86976052
66956858
733326581
68238441
66456782
877972124
596217852
783447355
146716589
928102656
223253574
2436157
730635038
611762697
385052545
527148890
763998675
996166564
558814499
94679497
284227158
463617961
96120209
449208187
518679729
214229820
80311227
579773878
768290362
3855216
144753679
564373754
23870518
622860948
164101134
492082695
575741718
468979973
133773698
506639462
674394366
980126685
224298951
922305025
51607331
643636129
506744210
975741253
674236533
556516637
753531167
418247013
921260184
87726517
582003448
272575591
431168268
912501015
975067681
36071255
381227965
422847754
845907378
72521306
444722203
708869100
533504425
256219379
965223877
31183752
817280989
82638130
344633014
460816060
80980617
547505510
924380687
747555969
815638225
519187807
710302144
19069879
655831411
71121843
435981609
434397940
363562117
137300958
897513248
134162272
295127671
162863031
959050770
436335544
446390239
994676273
43833800
669787218
448897907
119466351
983347355
80194903
904393127
543100002
576828265
820269792
939167064
35225333
824445943
209410106
900397566
707232954
176027701
653310297
112684361
829774353
354521864
640866195
618946946
452925032
573612421
656857320
696119366
711964039
400770356
19880406
551559468
872748567
335181226
453396197
534360859
75117793
5223879
290476427
312988266
401010244
966973386
550856674
107478703
377629284
142299303
660160169
502849875
743603039
736040093
935964263
864878817
121222415
712193621
228585149
977650024
973475603
885714953
625154820
317272442
136490888
787682162
298409824
949694237
176249668
846335264
730866386
618308021
563502542
413780694
969818754
817198387
717345938
999186993
131251942
276803782
30089938
266851901
268121438
668755407
599965878
682291655
865405660
100264413
992730824
222807532
60261353
801822899
742445142
389220015
68110236
334235674
72315643
264523429
955292538
380524197
550628050
3214283
643074261
606953560
143933481
878682197
440002871
328298480
348262299
699704727
205184004
324611967
104275956
411309573
713421594
171628880
180556384
363247785
948616623
809101106
284019192
635695076
603763229
856995807
822821922
818768925
350841597
105753004
14577772
673987544
434244965
619920882
513454286
312007726
889353927
590414057
460366700
244866738
696822648
307340267
689515715
627981677
100252377
659842663
963142739
281480024
330450957
423764438
456829985
393305276
387989681
785703736
459475181
937675286
221344817
213118289
616741475
81498843
315979025
866437845
557385858
99042619
885224403
782043542
94972817
532855440
987070788
805067152
27332673
320297092
957636299
544030222
789273039
46302686
599603042
901384305
410826005
804905525
25988586
420321332
241474831
340268437
571576392
131177341
280391014
667803613
269389480
605625128
828055786
736295009
351587627
242551697
585623084
952857175
876352971
693720034
348223496
188345108
666501318
620653728
556790743
754796223
396728715
975116189
221017574
51365260
509108838
504349792
846049382
196906238
683024061
665195782
331032498
547741918
45207288
247856139
532646185
567186429
402263779
53718213
602718539
643195656
888574475
937022573
696308504
885349705
4758348
217923280
693881897
299000940
436519995
912595122
617331719
127477089
107780225
399291965
849006333
175935237
689965938
423899498
270314980
903140797
852036647
542058669
648221120
245521671
928110565
551985957
527864973
178125437
485632780
316697678
423626974
32174547
554808551
411293317
464942324
605062649
735803906
469623370
921421190
25417980
766324983
257003375
339786341
281609519
385507960
685466542
124917621
862095560
658916977
144878977
47856539
912157465
249533390
439088041
911279389
861018350
553816549
997656772
55103634
887034162
538170981
945981518
982062367
364192039
876355204
669417978
892952538
85995716
946855774
709120977
801903133
411689253
860700505
407446830
40803191
377413398
392780477
983168415
64770820
563519772
500628269
318988530
545204391
136958890
115573431
771625577
33726200
128190380
378431628
324596132
572973248
140816892
567505391
312493624
468679517
820771557
830343063
899374367
337531277
713137567
754007331
770063892
600633919
853397147
268346788
851215097
313061706
470942552
617435319
55055807
73457152
827262394
579349001
221181384
68416613
963163302
558590191
417894197
407217349
164699759
818233399
557941780
216251404
635119865
106353269
79816859
63963287
611834506
407843850
32012047
513857128
445421315
608160159
582138798
556485502
92535834
436591788
510103006
518438255
177996996
659767571
264395145
823792917
685367837
705743079
117705706
269204842
497172159
368394712
692007602
96016685
628585788
162425915
37441308
352376574
716167044
703180106
381730164
503154320
666281317
40041410
980807911
676198193
753948502
545168028
973378004
199570846
140806630
444673833
796027770
216376772
975429476
322739288
784739809
769071493
79000283
74978659
978758974
589986993
966189137
343326125
213866254
272150909
864589405
398390351
456989539
955568475
641470986
244485315
876378831
61310921
469583425
42813846
480881025
376960151
116990837
337537888
481816057
162677928
517983004
465600105
669454598
723509822
95645280
946606136
204641488
612423416
942035068
285897489
785905125
279251985
817941246
778183491
931929407
166524060
688799787
798554930
916853322
130305750
107755864
590759628
188424932
895473312
520310443
394542473
917116405
73722600
640432330
439547646
421648919
449518290
342530922
983083036
434622849
945559617
768586206
259146334
74153527
736753229
37996928
274400584
286344898
480886418
950162077
529727815
555880059
530413448
880852169
403124729
898792854
597424518
719004309
518657557
253040959
215878627
743113068
202790210
471233290
753868592
168148310
193956845
73545316
49718682
423157639
224564333
515700665
983442678
263809239
415868477
983090137
475309076
508051379
652721757
344862536
284707530
485224092
757145140
878840075
66962463
416975612
313328516
903180995
224779919
189064730
600779547
806498642
608176518
236623118
858143154
243280334
308619885
860305245
370097469
800565227
132094920
679044752
580459126
848106871
7217998
960918914
344609348
678208297
275968472
975448243
395454372
394437643
47768350
466626813
836701104
695813900
499425135
391272983
18727933
171369757
2553753
574276617
833115044
143395238
148120182
693444761
584953071
715017388
734347007
955502149
178436452
462932928
804046360
510678593
806130002
252274596
252667694
905329789
274907774
138829830
664004585
896153818
82749594
878020892
626915892
328079902
793583989
309561170
28768114
342054901
325766152
274875952
95625452
10225778
711321437
37922933
70040602
268311795
799703045
926445588
582790227
528098048
913879275
900895841
608918460
23763446
223177649
651121061
759961819
689975586
985523731
389150178
854344391
622274599
361805064
609800206
910589920
398077415
578692790
868846076
600714919
613233442
976141198
623753680
51813928
47170124
603426684
313003845
602546936
168951786
256173068
782837379
236809746
711882847
324485816
712741171
352985641
985286901
465668074
422531246
296072758
187781086
627415067
594344144
527145271
468676992
238237421
282586913
456858591
924634725
868883720
883500177
864717559
881928523
487569779
904857170
345656605
153912766
147333617
701651283
217189335
823145435
266124410
99660562
902759794
780651655
360126714
298777345
28388446
314364380
341764074
319240491
90392064
989999290
817084353
126229181
50859587
524080473
5292792
730881982
204777106
430314042
77175007
779061605
230200333
302974967
805328759
792224516
958327113
559434494
490788392
464849883
563378102
99759581
627977634
809088469
204114793
964355873
277834395
684978474
345139847
985236920
992327946
699233237
919858620
961893778
392832727
514151567
827329730
110142295
605914003
700614398
796768484
46289140
434508172
755892002
799342351
956224677
658081685
399424631
421395982
868935719
914000492
697161306
520193911
826031674
622108776
796818477
794799963
619687282
34273702
580078907
640378054
712338679
754803229
352923986
879292181
243612523
293162260
726525588
175262757
103060394
865535503
830697699
50504334
969432413
50912831
824373198
787607034
640159331
604280817
418134167
206107531
154663512
861314153
287502462
737190606
260175654
44534621
950751105
280928360
863115655
373330644
337963380
417418149
162533004
517462891
471679541
176806072
829171749
691970383
236525576
888806803
431844091
590450821
435591918
951785876
300788922
528823530
955057158
400078120
956243215
257782584
402587418
303627169
839072065
743191384
919440430
574744593
800406029
449057114
546648062
574274869
975171077
832545370
731909101
614168878
750205538
560377322
87197829
663975847
496810502
201079049
50808613
252544659
319932966
632535056
425989680
487346319
547153117
891881048
857080801
230028323
521469210
175455605
654454798
487862191
31685678
595831037
210690767
384949986
884401599
196529786
955235054
457737430
83639998
462064801
225806500
175511915
261099651
482718386
993996714
218975462
389250151
658551871
606207843
110730976
341353262
219936246
90668555
161396365
65980490
408339306
272576900
517373826
694746208
929879937
840057301
875101226
724687260
642918514
465266730
566152771
624427842
681628282
67283114
818567285
719565490
759291047
188105096
968386058
650529126
268877079
315793
867334830
881957574
557079959
130872437
253071140
850577633
990759330
916104634
656412703
302826629
712839088
855632018
664262831
184985801
243301249
386567689
29362516
781275415
186862568
399672807
432528007
528980916
67682159
115254505
290065134
884192011
550396434
798657938
488883365
547039562
364938159
18607536
668341506
678355133
988816182
322886425
881496218
148197827
93614242
845002241
456417594
864123885
892850320
490100272
644990554
376186894
67978065
748033072
812299530
81101706
423695248
114036535
418625129
133820449
23109324
698464092
27428143
547079248
583174405
97364731
928695595
97180354
709044433
352091446
247394869
617381224
389675697
450375527
848092855
673774152
394271743
910887774
624858549
497332210
426750114
253730414
440165498
757988256
110062223
100765386
557676339
28789336
576262843
318679949
597845230
590683218
443687876
32633873
469335294
173498430
732599458
479050206
755146318
530873535
760599185
126277713
860652086
317128906
119456898
771190105
758098397
757618862
315879173
977319043
299232001
143583061
370990020
431192001
41563347
159876176
495907796
867010849
703994639
645272463
14768480
861820134
123151148
729616105
320332567
153673960
996303577
416532252
217549947
224627601
689113687
966521936
672774225
208806634
904924834
478267367
882964783
252854122
917781829
955435649
909078819
206425165
442431303
975882141
572617427
361699739
327727642
866190955
314176252
262136578
683115624
611268105
663288557
436348624
800250067
942362658
309129775
642775618
410567627
387595761
335353708
549547314
904813548
188751091
38407283
178107708
411891232
10159331
748700161
419912131
236488746
527859296
143590521
704606541
291852169
747772318
169487717
678029089
847558508
148228438
768618062
997069554
525136740
621811591
821648724
941008072
962293858
131526980
91723963
345383122
74064096
482708422
377557755
358869482
285008248
752142339
129185781
381512555
562092527
929084194
993283564
574094483
438027896
219696694
353367965
348503704
133673485
588487907
411008644
199094900
982855323
336325230
92513440
625523800
970756147
369801002
475081182
385284873
154831171
763020507
809922775
765551636
356829164
476326820
391747481
539939220
323478179
932385565
383197611
562501457
207691126
415606284
910594750
939095876
560874519
951092150
313427549
221903077
359836849
564373527
844546356
354471475
352006749
542300849
592430064
650246250
12358409
81191007
624588149
801004098
854645606
772175168
134338383
125462755
520195564
271868924
130510290
442966893
719164046
462911660
691953560
323560221
344370407
906398203
538734084
477524655
609311937
764680361
584309833
227753569
274430747
729613688
301388211
514348396
375907411
869148251
256390376
468046799
551681853
259249204
990402639
422948876
33210952
783709213
989621071
639249149
960374770
180814548
796872554
531769347
31241128
797806943
62284906
637641598
30669208
741070723
690274614
414827248
235911752
890504615
464825202
701281117
943210522
952332934
688527788
65873050
464534405
200515422
330148657
331559513
763054803
831216200
966650159
324964224
466205945
285326556
631553562
588375019
810681750
707772831
236630349
179872285
265677219
775353395
330716680
833493211
752696634
209517271
347243292
72746010
35617704
826678182
810710990
202223134
544304154
729696820
367542028
844001474
953695937
319589441
298008594
355739844
35666276
125870376
778837560
860144659
893042650
222927752
677720019
325821224
107486294
494275422
344562586
48851397
756491266
652255452
121332544
393431288
490573873
507710411
627352123
26111362
438666826
214894742
625282835
241659718
32642510
221720407
460589908
909974523
399874011
909971579
127316198
969995443
676722600
225909108
147146109
134335537
426523688
88290219
171960203
261426220
495332347
482821578
259052603
181909113
602806708
982309865
794504607
737988063
609008189
670228489
405199872
117964934
619178083
416313518
58471419
96861227
782407580
119809201
174228398
760262446
826946725
276407545
899183221
657486155
908144170
751108669
387808224
844954396
418894041
70922627
26721844
822677925
826594449
982260581
875806795
89809523
588838909
722661195
742931244
6677223
539728664
864506672
112223646
169644564
225227482
783378459
353346171
596426948
447292035
777762185
676364936
968456708
986586476
831514986
50138257
153394557
653764713
636137282
513974644
489560604
335734110
113231909
51492074
124963458
705527489
380015420
480646823
960524117
820029924
865983943
551160215
697839410
985592326
899668458
65234224
42994519
147868019
392871134
278730818
121883154
508405992
897807270
559073502
223687090
391812409
695928728
294163194
434489351
987784632
117884138
83749965
567438215
991504465
929599844
249568051
200662497
449117583
61086674
283592396
422534627
626472372
45076489
429039265
847476443
362739715
803298374
631949989
583402157
277608975
392963104
864195141
840431203
165882225
477350936
340544974
568242699
788666189
37395763
612368324
600232681
791641142
831065025
656645501
178530050
766996106
932616653
992796023
717988011
893557671
100692162
56150432
883972080
26125475
187624693
53513760
29360161
549778185
383867668
936793126
23663076
888263987
467878109
946831840
76339846
422053381
43967673
704566178
608063940
289434865
308203997
7323255
326944261
504354430
156089894
745377954
404855879
720091784
493963284
177092635
346693323
894394915
450450769
19887837
672661742
83095535
796122104
769488556
463740661
772987958
275244292
635674570
526587612
415452686
833373546
650845063
628956300
23243508
398858684
602787824
733402812
584036067
101759207
891197466
570887198
81986859
26686919
326929110
80953719
879221073
425199929
822952730
855166339
676853107
248000362
197007246
362412045
134413588
951112526
517180269
338532031
437758955
575424514
180435971
368869253
532410537
565126566
447593857
31928862
735862831
552313795
630493375
304629517
469680297
412101123
220877643
954735606
771584596
26381469
75689031
883589156
10281464
955280449
756062748
470249430
104249683
784527924
424833893
714725532
9111059
488679955
659886519
344428708
942275104
16562726
921290781
492663194
956675750
800782559
969362606
905834408
155135827
47303333
84069158
981268482
69197161
457686946
487313900
379775801
14700221
722638997
262191191
79117559
826188471
127257054
46942847
829687880
195024623
77483130
309102381
446200515
574924485
238590309
648115265
305655738
13089516
33372015
992702502
905517208
330246629
820986253
956917224
405441081
838120685
627742107
907054690
796934592
420574443
191858198
506859902
349274405
807666890
856961674
919537966
149922779
493953023
984444931
948086844
451301599
618359551
940255790
136162662
760714029
690703601
743848513
559848422
682141637
486570403
464471399
11744014
671492230
357392611
923133987
680499067
668318440
338348310
514895929
258596321
305009879
775859434
306729529
422343990
20433564
724412898
381308869
154674666
463179531
320423350
220093313
640223244
874191568
728784748
775171972
814967768
542794771
895726597
762506449
319156952
700213936
153547005
795344914
637300083
240103671
173332049
163294501
989120630
581066151
659055792
960778797
445346704
997272767
440858910
933347143
973347319
488414978
637063070
645042483
200105588
910408374
608822789
740585458
870565092
811877315
983962621
965376368
705139802
801241890
215318433
749901997
730928201
943546830
906296887
532317966
296264758
997660077
188960821
487979230
915484693
863480565
589443206
562911994
72330518
333329819
517708507
990916384
569683392
527966530
368517890
826175140
518703410
270370181
595002965
905423240
212965035
68053824
763582714
823086446
221190258
941973763
445671956
992160076
259129774
649764534
613771642
794926378
905889639
765190274
720084707
435032483
931812254
187097389
753586909
314512371
762090032
544391914
221200184
17633444
159490129
153434810
470014094
954496672
543749193
322315954
153234189
627640961
467646616
566902077
144895542
788855768
214517993
158296386
120809860
589395425
536038842
581553035
899409462
398839812
498885973
147591714
274064978
621510408
94723792
337252489
574446357
479234812
677201420
991675207
306378643
253428510
506786632
861021920
223491494
581641970
816008833
723117471
241629366
366564188
457784672
174525338
810645812
778065625
497783366
832519099
317248686
46878696
104179229
474549557
8759844
417998549
636139041
588431787
193336012
641999368
511114459
981305008
183444912
366346144
838940634
352748598
112987970
715372836
983496388
147696405
297403597
884205051
359975111
3934717
281402618
894021631
351573082
236050898
414732996
145403786
42900747
878549101
223935852
596818653
473689074
20554627
11441822
340732421
521276794
937117515
162773586
924433990
425114913
841041261
766718585
365470579
584044656
891122431
826028540
166741343
296822623
999696331
515967430
461073888
319540926
993464885
913412840
349122880
944797488
233159395
307832672
293937770
502044354
101275744
241621056
30649280
684312929
951847701
908057455
539806473
707085679
497866989
175905902
108245958
877588721
354328439
900787711
500606006
182796507
956060913
219696963
292406163
311307312
674980715
305971413
560336093
561151614
529245844
721497860
707745931
40811852
586964963
251226228
713295587
230595850
80226170
34871844
637631392
443738907
288680586
657088830
329017589
780748851
896901471
484944878
801542795
636182074
590322939
638832036
74745544
893221274
112658485
59475052
722492943
77528412
10128559
117774689
565828129
985849960
754041069
199688834
681706612
835400434
131941375
206543865
360368180
905360859
164641077
464516423
288425664
348068447
83312663
742570019
610021113
591657437
12853156
455237545
610275491
996985799
400748848
992516724
705337986
630004740
874572242
969540471
343112336
787905037
155251989
505210192
998057054
166715284
895655605
267094203
502950831
79959165
738759665
708844516
136820338
708355501
287684604
920532922
246080088
872647903
766678216
56246192
430986145
678771980
147071639
775226798
653121413
33260452
258270289
55949052
321656894
797603682
742462113
650076027
984778519
54928969
761829427
154915372
700296463
516446142
698162917
338183662
504160047
884701328
515705204
237619332
48961809
559926500
394760093
446691159
781406619
874405203
590563872
826025133
118917114
909160911
237651973
203300365
275137838
119593252
666831657
151358735
120266469
754501772
995824227
761221304
763328325
749580330
377813021
341530181
195900927
667211006
651767133
108114745
601653139
696985743
751190500
654213983
226702420
261314870
661023711
628433076
581736223
533901975
505472809
421473969
439141057
182237333
355098251
710263368
978998619
868555970
930036418
886336036
522925696
634411231
460569626
978858802
990014916
258025319
597226978
374308179
713937965
825599657
422047268
40849093
396670542
919364757
146410958
499105852
302327015
999314362
11642741
908349893
130087418
373796237
45899205
859558704
50270475
591014422
752891584
369041887
51385231
528493101
40832483
260875787
479409711
444049075
894432596
936261173
806906642
979515170
621560793
185151503
753622252
5789320
408628955
262557700
982280916
650230483
196720565
813823940
612288928
424600634
178092261
950747888
241264408
643612577
453908786
475999421
766624265
172334776
439270743
871276643
386610278
333568595
755266816
192974790
908797381
468467247
97295791
213023447
606759595
180349440
169686059
77978076
558212172
243362512
958174459
398577690
4663455
586412729
223406626
533021011
738304612
611421262
966425984
181981544
695120277
655797412
136518923
705334555
502800763
40072844
414196854
145922857
931412208
2872605
264304796
150374605
860522100
568632921
813388909
156953463
66091568
12294175
709767016
318740475
218457635
830413638
417399711
814722206
935099135
67393997
205276905
864603730
803331350
121743008
67205086
861532931
156694114
880366088
217622884
636951005
278239992
154236153
348173737
403601246
994152678
773431185
703342013
947865788
76336175
952692053
466609953
368946683
94182089
821347360
704063384
866246278
181169420
175162530
802728776
914785291
907339658
810563701
167627431
39357631
451135532
535521747
807288998
741898075
974558386
495218510
861131085
233756070
968971509
665971968
473998784
191280617
970669085
10090528
333679029
494346413
62058362
228372429
140025630
709273978
564547435
454032773
250252207
307209531
480493173
665815420
165892285
449974669
498539144
606062174
63693374
11021349
669085827
783618977
548156350
417349952
649345022
648250731
87850590
873187275
761302464
926948838
65458747
162644288
663698253
63823101
213953478
781997621
755380237
914055738
891931648
196335385
640846834
665941252
568507869
289077298
665804951
655559433
938715080
212065077
582658320
152266925
191222224
990880363
700151261
519852658
386195016
760541710
105239033
939057845
875811585
931378526
316048668
241379088
838798285
425672851
536993783
69707690
719802994
500661335
995581949
876066572
83677012
778548267
484664176
553915080
188689873
861277304
639439038
933902663
508428012
130165066
745248619
193584236
962165339
976214288
205999208
615840217
464338516
427423814
379289916
218057680
373384744
126707316
487562057
275587505
20766342
85319191
785643159
994497939
465288551
412531922
30107271
666382017
107533481
451292952
766228360
937471564
646024753
383255349
142931251
123696288
360258727
164350612
939702033
492470171
572541186
108934670
440602447
772699682
678194632
481673753
32955065
891796174
749613349
974086304
353975583
398915060
49781029
844360870
589565239
624944508
910871523
158929117
527347292
732002244
467813915
239934451
18344061
308131507
472837042
864831147
657331481
339354098
542721924
368629262
707388087
795214154
654488538
538169293
301375161
503392499
908287716
245231541
494809714
484821278
791091340
984022563
312442284
398502195
607375647
590453914
676830059
695604596
579514062
830250425
727408538
731339828
844714223
681948248
292320615
83417138
229016369
46096716
730864830
795058215
739562981
71133638
295102374
219640122
728633156
711736054
631950894
581622541
68883136
777328544
872160640
946957909
631459226
392671757
492458726
467546946
129648113
220101066
519219675
487267466
403465554
722623634
432562707
858051211
559829833
756866614
156993929
599062619
523504588
621203820
601923557
943627993
448065199
110021947
959765261
864599758
790903555
509951200
554733105
19171928
58195964
915851748
400672029
240620398
83913110
84043255
472117928
616450324
649456782
618883012
105335633
184442423
835015892
705571986
228944811
460651837
200781788
678206264
418315303
95203615
907833383
779291086
65068289
147206500
30632852
839865570
936493172
68663962
402022639
794684444
964594004
671886298
347090329
48951564
1184711
123416188
293352659
347249032
414931617
833770310
514398895
718253890
721391614
383718437
224588200
554967226
603014383
120191764
44295500
34164963
782374917
636800679
273847887
415069608
776183572
62286357
941889385
619521835
643847764
531596868
633288321
534545619
282202873
16303993
593482313
734482776
427476573
889349281
8816122
632328797
691326893
176159937
341132984
513018669
229396309
427593670
274452527
453770813
613011438
6393505
223232810
422059935
487268087
680066762
187410611
721026291
337758298
620521397
42001228
95095066
150699985
632414968
38097679
67830607
646514167
356233006
855674158
219893965
891463543
759429650
711739318
604583923
180854103
776521460
892054012
674925914
903724219
197599957
186533301
440025243
168387047
249959876
491673721
821986599
172147959
602689776
622415344
35164399
344009291
987978994
815623854
97749248
660976092
675039348
232034777
580276759
899926322
634835390
824350089
417247391
885715349
583625823
659036970
112286911
230453559
266531398
847535054
865336791
26381175
772357092
123235648
623545242
836973899
406336151
88782637
955332178
260602480
616446556
538096603
622016735
650650515
537771278
175098961
98808027
984198908
183870691
436059762
209519773
801347581
985247557
418089808
355604219
40344053
380386332
95274156
190510138
39985321
791298323
786384234
753813375
862830238
781369099
981511729
142922628
753566460
840173559
714882235
556278201
375771819
617775707
962302055
224395844
163038161
896339294
614304641
280137088
87566937
485196434
677881492
685354167
234292249
205503442
934135462
58108825
322877433
986725653
366308451
796567802
899353943
850029709
588921947
227063664
337013344
278322183
51660038
449936960
98432116
427605121
645628490
909915442
988693671
487315631
785843036
732870989
567519780
965858012
26116645
701290070
45210945
122238555
485339930
752716158
6714796
450753879
909052711
950496915
533613587
1072485
985833458
190355518
216385690
182236975
489208462
998208136
942276861
545123372
221661431
115732355
370203795
459388331
48358109
978816620
881711187
865481482
98807853
711867227
112151995
299907084
90572966
217485042
21895204
938272734
594980952
497660210
324068147
844873484
18989260
253680046
525849071
490470465
206004776
821704845
876044707
777041134
456708737
527385020
699083918
918403420
324678508
908183839
98967077
658569593
200278670
916788767
179299631
194873142
366156356
884395393
410786325
391643091
343631253
829697418
246151718
290899271
711830546
176835138
217439853
58468846
957398071
871906927
122109944
63510796
11239795
685147961
908410733
830029108
162721253
876802760
94505450
523045966
836801888
281255981
234454000
20280812
697443793
505687640
880190178
580455725
539136530
775648271
195716230
709174499
264879750
303171205
828521976
469584833
8199526
158391690
829219412
794663805
995407078
214334082
613341208
319543311
743628653
482123444
284663103
357151586
124886103
205145231
963308328
25852035
710519570
320152786
5519424
643870383
284694010
568963494
265102434
912046770
575286794
232993451
706967804
246285415
940475455
683868850
736205929
413442755
560934772
797446020
811284877
818644139
701948563
933246143
56718062
854703613
487714624
263020200
547761614
300590174
670556430
222987460
808527071
238532591
152612573
314900349
377631288
956450293
675780756
156419195
694555039
31919315
588592794
836582267
542203887
92038618
103792871
789245582
315797501
891010314
791309131
617075145
16930746
874181874
413253814
603643335
354484888
962612701
726234565
262562411
603057337
971890653
193560290
844096854
716760015
674054879
555395552
898259602
129472877
294146954
765539061
731165156
907805336
321656329
131503155
404490737
948492703
195747928
805313606
757859920
416468911
900938949
416158714
113651529
930457377
155591369
124496346
492563375
617006534
737453222
314026960
367825952
883730493
162704492
581439424
608510730
687424660
754170647
364821251
857413973
65733905
237609971
429789809
960110195
499545617
482334144
83728378
322931457
754886260
753451289
336479604
362027122
541520998
847333829
982797991
924209088
111491891
239798261
962903667
113390731
932573272
458208724
335018551
620592763
174505521
329625226
111886308
232784881
787670184
34296286
196725338
239316270
759366142
782234484
141119703
279227217
861673948
20303397
91771827
839497987
951435483
933782611
500574608
548493653
148877305
132376458
344311253
871509978
810717092
380374214
663355868
286358999
343430021
859664276
463520752
985093988
276817716
738285964
75022679
315379765
124117099
560988838
128739576
246256
310951174
190607522
702527805
805467292
541356884
88986749
305265446
108262492
877199252
535810546
353242636
814032471
937844957
726835527
329887017
813381361
485516596
509267933
406302377
690445844
663634120
437834903
740616770
268491943
455480578
572132518
477653925
267740314
184404089
632612381
334487424
723176383
112855595
793368535
21504645
960633061
322963359
219466827
20351731
43412211
635220374
94898700
994716368
129542081
709575882
112360534
888151087
986244548
545591630
898970167
87913776
352154712
755355846
676934473
751990764
62337385
278906124
952808131
326365776
355327074
158232781
565110459
922998147
275173353
118584832
277924418
576311311
721926066
604919695
752503415
726816620
579744387
163372018
131756394
907135077
35504335
264425081
157349726
372703754
262728845
646355269
124043065
826180984
522759999
265712492
465316622
373771493
519291768
942746938
962193220
692022289
459772096
742875723
621249730
903221262
666798132
316587693
848653217
771343649
996420094
853785376
727548640
866281206
702262810
141887275
46470637
284188156
583123678
525402337
245863936
639491679
318467567
301669008
841361374
153869382
172297283
514933754
588868198
701689324
887820052
544186601
640386073
373925857
277421181
789353115
671711380
617840854
613623271
493649389
72457259
412257488
728156131
523195767
292363063
716265281
838304427
805603205
953558415
544304163
315935680
738414548
246243790
894506882
376798258
124705349
687074158
945782141
751657758
417401527
621964059
124946932
227374069
865798262
885065978
774528727
962582723
249362420
980520198
267620248
350406055
557539353
2943827
241526488
625540121
171717030
337961443
108885842
611624577
505543126
526664173
43306019
90359530
645419087
753559000
528717075
251869623
902201805
401987134
812538733
384960295
868307619
291844248
436017426
59990163
602741006
278724814
989949000
738398755
556233036
775913626
404052465
430427020
843159036
175093160
291422571
197734622
698904331
532246132
952907728
906603239
857119328
537703703
200841778
4779311
288757839
787161084
3630501
504140769
739006154
274673394
122099595
255177658
372377117
814655971
321970629
884384220
201512080
89261534
187030098
603700943
501066571
35157135
90867645
666704351
739515878
928319385
260159021
719652980
163767620
566240932
601950974
532228269
473104332
238083269
369457667
850172112
804470827
65510631
769963581
595207036
681134601
854587222
61380878
366657460
559705522
808453074
406845087
868689296
697980278
169840739
103888479
518210917
764670743
377141950
980335140
57753634
691707144
944069253
359786320
799344233
337578921
904409033
640635365
325159397
430919894
693073029
318001226
840929010
810449658
170079985
765398552
30720428
961769510
123993961
347339169
797057591
470163439
888028114
690685568
541972501
953357013
516821224
10375969
249918564
455537552
840203662
940057069
508433388
996805963
510980273
11193525
966878580
681618424
507624777
778659689
899004368
850706789
633608958
547861616
170276947
600343204
555235907
124162364
307032417
815688241
805925976
653025673
112441594
69789084
362547196
502045461
553111217
888122768
675216676
844754477
148355669
382553084
366736002
990122183
989120840
958888526
138640455
895372122
609664900
945279914
275683297
186374506
964140557
897257366
363786790
826403894
994776160
705078277
207616103
744464383
917158301
754259108
926286134
630834661
98154007
244660350
861591981
994262547
361611441
738654995
173099973
363119581
1157
615840090
599648373
737758597
879343561
604874120
646093487
925516934
378454253
719421648
358827731
701025781
845737235
856094779
139856354
968356872
924116013
729574581
285674760
598639176
172865274
91880274
544551417
570282317
449244134
789397851
264798316
489955121
446574839
301320458
303208258
912958694
351040388
850639412
907826989
221656808
425823576
782567933
584137065
151903190
413789918
945762501
79172785
477967945
180145305
172928189
70688462
494025656
425974505
686266094
17503286
739287257
815210994
387572877
164836385
516305676
194365637
721524545
271274150
994382454
458530571
941460319
324666022
907307641
466835101
796497991
761375721
378742356
542735635
477766113
279572710
792379971
9583679
971536073
877624044
865555305
141820012
297224456
78416429
927494412
663868205
343660363
324480101
244540665
615804049
656140032
34832112
966093135
545040135
262705654
489259448
485525226
106501917
930322266
188266503
71732016
158149992
449052115
470902412
14727026
795528835
348055265
115692412
643006891
406974339
964384364
367269986
237178800
471225693
535666542
184766523
205298190
95202415
31397640
407325775
115590421
863831850
164945139
745355328
246840615
506978539
129853401
259922879
974080956
726615071
544896172
594909720
711674327
369358031
100623721
824825871
470128651
691634199
911051544
472620563
264162892
152817671
919977264
14388560
591026874
459540738
951563059
282490966
22140896
505263983
174187540
539799201
966791402
933594776
579738855
270459863
145929709
413655083
103331874
254448458
17899355
780079986
387775804
891279043
76269197
922622458
632029338
185076185
47360571
405103495
336231945
777835559
326567452
196414696
238314236
550264848
833631532
563168431
956386976
626021254
54177947
462369178
997559482
460472957
38385425
215233879
142596937
550132240
800310728
812385331
813955796
181837775
588774264
940475251
65212781
279043396
581193640
412939973
464647301
326389299
75167667
794358395
768316871
442516805
936557604
700954919
951512104
739623540
859413337
974752017
917805139
995244083
499630420
238285254
660582629
834106460
474750383
967847637
536424964
441178293
598236615
655051536
115075130
615145023
301696542
842539716
587795085
679887148
84473527
12909439
49099855
546304388
59374631
22319314
364345722
856853352
392879520
291437221
501019910
507911727
412885648
317131404
463694439
410304225
525738157
745967055
539844065
826519589
465746761
444730874
208509100
121743610
159623353
433254375
426988427
439356611
269549369
130004113
509220724
983807195
232891778
668830597
451409626
462653658
21209023
106866420
699041489
101695377
608554276
746812232
255187272
113272228
929716588
736671558
959681384
901450193
705778843
177500105
703116609
446115897
35932618
327236072
152060429
894125278
863139925
871404352
358644705
478508596
491053468
222780059
488833615
163620700
584369873
531261001
415925881
190974752
216044719
389635491
84403477
785312667
726316055
982925705
656634805
90280271
848555068
549500272
261059315
184216709
616865719
648848827
747258852
205398213
358573175
226934995
550750733
197416270
736800985
506257238
315010821
481687477
104343752
120206900
314957954
507186221
825996629
929285808
458727476
863725603
2632247
662576000
585427757
916958044
145623293
198947802
379136194
988675575
765660291
662454232
507389674
798255618
506448930
761721030
233791499
549693572
787712093
969779218
481214514
796574184
777863367
919887319
952084659
726905949
116458594
775629119
135481091
164261425
572953094
684876281
894675763
221137594
290081105
501340258
547861206
652488572
51061953
492284457
967590019
173953118
247895523
709091297
935131486
951656273
729823479
26707303
184736869
389073630
789199355
222804029
776720049
700477412
544038859
785244050
99079069
561702501
758238359
508359365
368166052
248585322
526018001
835853473
695205188
495168996
925236831
716836981
319997835
435003879
863368052
182048031
783628648
924844260
257687788
207140943
418963140
287642595
525064643
437010493
331342265
999502589
503006063
995878861
823291575
507386399
555084596
569864970
104421234
165710324
934347013
591820079
813828954
362488736
823824110
792746826
25692654
331897644
154232941
664685013
156099774
814799640
977374422
462114672
194176410
892194938
23065093
141781913
524578840
805151670
855143918
273629456
102636645
963156685
983088426
150345237
478807911
587302094
964009025
793945349
656196844
875325151
336831604
659810361
419732365
134699952
366906274
995017275
181307869
376089789
111675092
205775358
521767692
251612399
657243627
877127623
49998318
56902256
150218273
126562600
475296929
808119553
614369022
627776336
317527969
34353290
947402479
939343365
305680850
450314457
745046373
227182805
538777836
175387471
984068457
598801658
715750007
238618714
367308606
34886731
744562603
866476599
876738200
953462849
862710986
940611592
960835218
939218086
115531751
155607676
83975373
12703758
788131063
260918345
274989444
773149911
602966909
313954156
375221492
969357274
813879988
732274437
112492795
816987653
340273644
660600360
846557417
806072106
79520862
930662551
999469309
139852772
986898318
495785142
564460078
705325238
991193504
260488230
28902654
817389638
870299815
784059037
82499867
115789207
251114997
176675143
847548270
691154954
293726833
362463318
408311803
248122511
752877637
825655568
140579558
489990038
771483521
958367427
231633907
76615020
455572107
74317304
516531068
846115747
388190645
710569522
479711118
697087531
695957218
686835533
506344882
702722496
65510741
82629400
739854193
396278030
980093811
751404626
777752672
523154036
8073875
139569114
339633434
894684421
382334689
974294334
660702154
471589503
481183605
681177601
45652952
348094985
886041889
963244384
669489645
491729150
847878840
95445417
339350021
963166750
871613053
379993297
106892644
663739620
813175515
323787631
653103444
346790857
18901795
912072941
865851165
769213592
764267158
960731067
3083146
458612421
483496158
507661467
947836805
842894262
790576343
993861601
540159580
889400015
669776131
265923505
510067051
59714430
66179210
457840539
206409087
952101392
142260482
571095523
279467050
230751291
450148988
166264942
407203031
716289049
121522329
961678163
190061286
932968247
405084928
603215419
347946136
768213787
216908167
321574110
380663909
624411969
693035917
63359018
870298854
496535286
289129645
821671124
361169845
522280774
314103461
427049491
107518523
244367236
664237223
223545049
578189153
